0.5:0.5
1.0:1
1.5:1.5
2.0:2
3.0:3
4.0:4
5.0:5, 2, 6, 3, 7, 3, 5, 1, 7, 4, 3, 5, 1
7.0:7, 3, 10, 5, 8, 4, 7, 2, 5, 10, 3, 7, 2
10.0:10, 5, 8, 4, 12, 6, 10, 3, 7, 10, 5, 12, 1, 10, 3
12.0:12, 6, 10, 4, 15, 7, 12, 6, 15, 8, 12, 2, 10, 4
15.0:15, 7, 12, 8, 13, 6, 20, 2, 10, 7, 15, 9, 20, 12, 8, 15, 7, 4
20.0:20, 10, 12, 8, 15, 9, 17, 10, 25, 15, 3, 20, 10, 25, 13, 5
25.0:15, 25, 12, 20, 5, 15, 25, 2, 18, 30, 12, 25, 15, 30, 25, 12, 3
30.0:25, 30, 15, 20, 10, 17, 35, 5, 25, 30, 15, 20, 35, 17, 30, 15, 5
38.0:31, 38, 19, 25, 12, 21, 44, 6, 31, 38, 19, 25, 44, 21, 38, 19, 6
48.0:39, 48, 24, 31, 15, 26, 55, 8, 39, 48, 24, 31, 55, 26, 48, 24, 8
60.0:49, 60, 30, 39, 19, 32, 69, 10, 49, 60, 30, 39, 69, 32, 60, 30, 10
75.0:61, 75, 38, 49, 24, 40, 86, 12, 61, 75, 38, 49, 86, 40, 75, 38, 12
94.0:76, 94, 48, 61, 30, 50, 108, 15, 76, 94, 48, 61, 108, 50, 94, 48, 15
