0.1:0.1, 0.1, 0.1, 0.1
0.3:0.3, 0.3, 0.3, 0.3
0.5:0.5, 0.5, 0.5, 0.5
0.7:0.7, 0.7, 0.7, 0.7
1.0:1, 1, 1, 1
1.5:1.5, 1.5, 1.5, 1.5
2.0:2, 0.5, 1.5, 2.5, 0.5, 1.5, 2, 0.5, 2, 1
3.0:3, 1, 3, 1, 4, 1, 3, 1, 4, 2, 1, 3, 1
4.0:4, 2, 5, 2, 6, 2, 4, 1, 6, 3, 2, 4, 1
5.0:5, 2, 6, 3, 7, 3, 5, 1, 7, 4, 3, 5, 1
7.0:7, 4, 6, 11, 1, 4, 7, 3, 11, 5, 4, 7, 2, 11, 1
10.0:10, 6, 8, 15, 1, 5, 10, 3, 15, 6, 10, 2, 15, 1
15.0:15, 7, 10, 22, 1, 7, 15, 5, 22, 10, 7, 15, 3, 22, 1
22.0:22, 11, 15, 3, 7, 33, 11, 22, 1, 15, 11, 33, 22, 5, 33, 3
33.0:33, 16, 5, 24, 45, 1, 16, 8, 33, 45, 3, 16, 10, 33, 5, 24, 45, 16, 1
45.0:45, 22, 7, 33, 61, 1, 22, 11, 45, 61, 4, 22, 14, 45, 7, 33, 61, 22, 1
67.0:67, 33, 10, 49, 91, 1, 33, 16, 67, 91, 6, 33, 21, 67, 10, 49, 91, 33, 1
90.0:90, 44, 13, 66, 122, 1, 44, 21, 90, 122, 8, 44, 28, 90, 13, 66, 122, 44, 1
120.0:120, 59, 18, 88, 163, 2, 59, 29, 120, 163, 11, 59, 38, 120, 18, 88, 163, 59, 2
150.0:150, 74, 22, 110, 204, 2, 74, 36, 150, 204, 13, 74, 47, 150, 22, 110, 204, 74, 2
180.0:180, 89, 27, 132, 244, 3, 89, 43, 180, 244, 16, 89, 56, 180, 27, 132, 244, 89, 3
210.0:210, 103, 31, 154, 285, 3, 103, 50, 210, 285, 19, 103, 66, 210, 31, 154, 285, 103, 3
240.0:240, 118, 36, 176, 326, 4, 118, 57, 240, 326, 21, 118, 75, 240, 36, 176, 326, 118, 4
270.0:270, 133, 40, 197, 367, 4, 133, 64, 270, 367, 24, 133, 85, 270, 40, 197, 367, 133, 4
300.0:300, 148, 45, 219, 407, 4, 148, 72, 300, 407, 27, 148, 94, 300, 45, 219, 407, 148, 4